time,x,y,z,phi,theta,psi,x_velocity,y_velocity,z_velocity,phi_velocity,theta_velocity,psi_velocity,rotor_speed1,rotor_speed2,rotor_speed3,rotor_speed4
0.06,-1.07582288349e-06,1.15216913172e-07,9.00226878502,0.000130470559371,0.000795733885569,0.0,-8.31544461437e-05,1.05752081291e-05,0.075623491952,0.00620316384157,0.0315117127034,0.0,427.1072569991316,429.7858651502155,429.4800492746726,430.00571668591954
0.12000000000000001,-3.31806872629e-05,5.37030815058e-06,9.0126957845,0.000190678998665,0.00281489863166,0.0,-0.00121465041677,0.000193019909843,0.271915904553,-0.012227483755,0.0376227734512,0.0,465.86815425094,466.34605074539303,467.55048589101534,466.11260327612587
0.18,-0.000176303337641,1.80674550238e-05,9.03302496562,6.28233661708,0.00524988594584,0.0,-0.0038076632354,0.000138233223358,0.405683882747,-0.0302062999026,0.0459275885753,0.0,447.2907884406874,447.96733543561015,448.2706723277098,446.8075968394068
0.23999999999999996,-0.000515590731349,3.5338073686e-06,9.05892380366,6.28023210045,0.00816473906216,0.0,-0.00777127731841,-0.00080620241506,0.457588996134,-0.0472239446511,0.0534181904375,0.0,421.5446177013873,422.19288209378453,421.9726959348758,420.50063964371367
0.3,-0.00116420020818,-0.000116665122394,9.08947907139,6.27773010658,0.0118103709593,0.0,-0.0142028174311,-0.00347182122756,0.560869960787,-0.0324688818679,0.0724281336976,0.0,436.99899209614944,438.5830925407893,437.9712062263309,439.1954871214488
0.36000000000000004,-0.00234355423139,-0.000475187004842,9.13133020497,6.27532351579,0.0167603231076,0.0,-0.0257068938542,-0.00874572180973,0.833999016032,-0.0633150004083,0.0974242651668,0.0,488.01739772261885,489.88398754846673,490.4905000305626,488.19375722498563
0.4200000000000001,-0.00429467590706,-0.00119596175474,9.18659062129,6.2712113289,0.0229575504798,0.0,-0.0400104039594,-0.0157223024892,1.00786027039,-0.0818293854328,0.112986208025,0.0,459.88988697892887,461.1294510234798,461.2514874010813,459.78368728872437
0.48000000000000015,-0.0072087511639,-0.00241248257036,9.25060151563,6.26602746612,0.0297987385175,0.0,-0.0578356100353,-0.0253526720442,1.12570139003,-0.097599695867,0.116008979763,0.0,443.04070538582727,443.3007569548543,444.7815680297152,443.4819690875017
0.5400000000000001,-0.0113637928981,-0.00433537715221,9.32250829535,6.26022309839,0.036624069982,0.0,-0.081411061515,-0.0393742972673,1.27100328778,-0.0950734727277,0.108822661465,0.0,452.2222849259258,451.6543874911923,452.9189526062733,453.1142541054608
0.6000000000000002,-0.0171416964714,-0.00726440225355,9.40469838663,6.25459894999,0.0427119716762,0.0,-0.111919879912,-0.0589127590392,1.46838634867,-0.091188188151,0.0796947804521,0.0,469.93453900959827,467.6794677434856,468.28388188325033,468.579026606785
0.6600000000000003,-0.0247864359508,-0.0114296109413,9.49644122079,6.24866661754,0.0473641795684,0.0,-0.143394500216,-0.0805129628572,1.58950408638,-0.122278410053,0.0728309692853,0.0,446.6047054050029,446.04930377274906,446.95828560375054,444.4084545854399
0.7200000000000003,-0.0345409204079,-0.0171163308278,9.59800208298,6.24138660366,0.0518478533118,0.0,-0.182262399951,-0.109892456368,1.79549491468,-0.119509580832,0.0782728961252,0.0,471.61831105237746,472.0424201474234,472.4822459962433,472.6833035645842
0.7800000000000004,-0.0466674127041,-0.0246822614412,9.710614622,6.23452328557,0.0562950202626,0.0,-0.222451376362,-0.14307119592,1.95792341534,-0.105736174788,0.0641574569471,0.0,460.3823862967507,459.26828812531863,459.5314164666169,460.61055625359614
0.8400000000000004,-0.0611837967287,-0.0342856335267,9.83088047839,6.2288710268,0.0604445933149,0.0,-0.261825239758,-0.177630609494,2.05071395208,-0.0777035229374,0.0776434567561,0.0,438.27656580276295,439.3995838879957,438.08244712879196,440.39898520898595
0.9000000000000005,-0.0782916829949,-0.0461990141937,9.95899448441,6.22379100428,0.065312306283,0.0,-0.30895501488,-0.220002387724,2.21936485849,-0.104618902518,0.0873151806381,0.0,462.4528302504482,463.21898767798746,464.2528920125443,462.1303682190778
0.9600000000000005,-0.0980076993418,-0.0604731420527,10.0922059083,6.21747915484,0.070533619507,0.0,-0.348704496744,-0.256350153322,2.2209355319,-0.106379499553,0.0864291648186,0.0,409.9481240222675,409.876356107839,410.97804739814455,410.81130704019074
1.0200000000000005,-0.120575816325,-0.0773879597177,10.2307115473,6.21188569144,0.0758085156292,0.0,-0.40413449214,-0.308118107318,2.39546142315,-0.075089100363,0.0907303368917,0.0,465.1216954684054,465.46444092218775,465.1397196795566,467.5762268903802
1.0800000000000005,-0.146536057017,-0.0974772026989,10.3789430573,6.20743552186,0.0810757269162,0.0,-0.461771032039,-0.361986344983,2.54516199294,-0.0723919205923,0.0811374078341,0.0,459.4672629335659,458.71222017828353,459.3304730171874,459.5402123096072
1.1400000000000006,-0.175924986062,-0.120761235474,10.5343826719,6.2033048636,0.0858088573151,0.0,-0.518329479732,-0.414555137123,2.63585416041,-0.0625583358208,0.0739546976319,0.0,441.949500633563,441.3620982755879,441.55544034246753,442.36226666392156
1.2000000000000006,-0.209399849284,-0.147833441224,10.7020955816,6.20007431305,0.0901248665442,0.0,-0.598023121396,-0.488248628703,2.95367885156,-0.0404790495381,0.0675517103719,0.0,510.0385524820432,509.58431540792253,508.30813056326906,509.886237967454
1.2600000000000007,-0.24713869915,-0.178826628091,10.8819056721,6.19774275463,0.095117593151,0.0,-0.660384340253,-0.545074032511,3.03966688909,-0.0358028398381,0.103655615599,0.0,440.8963876710952,443.87450610034745,443.16272932403376,443.5461836600592
1.3200000000000007,-0.288936302274,-0.213460220413,11.0690053464,6.19526314568,0.101279401315,0.0,-0.733514550785,-0.609589399645,3.19642650949,-0.0556553993429,0.100708404119,0.0,465.93419956155776,465.71235364054075,465.94871505738996,464.3931529070495
1.3800000000000008,-0.335037690403,-0.251833032251,11.2633291428,6.19186057407,0.106849554432,0.0,-0.803764911244,-0.669814628346,3.28065335922,-0.0589048801677,0.0684162665678,0.0,444.76664213837074,442.1207849500771,445.17996200719347,444.9117878000611
1.4400000000000008,-0.385531838231,-0.293948289147,11.4633383282,6.18875928883,0.111232857509,0.0,-0.879782196571,-0.734333796127,3.38587682744,-0.0401807891268,0.0810069349645,0.0,452.01913751543736,453.0366630045297,450.0141875547691,451.52554169998086
1.5000000000000009,-0.440355858798,-0.339720372748,11.6667484875,6.18627968552,0.116369852992,0.0,-0.948131494859,-0.791614378561,3.39431222425,-0.0437224566739,0.0935245545076,0.0,420.3213557484492,421.41126011144974,421.94658599568277,421.6396951020365
1.560000000000001,-0.499356982856,-0.388957301129,11.8704737112,6.18418413102,0.122233214868,0.0,-1.01908136052,-0.849816660849,3.39638375983,-0.0214646904218,0.105013124347,0.0,418.97113485041166,419.9775923131393,418.6528283484348,420.58439761059356
1.620000000000001,-0.563049187422,-0.441980118346,12.0769155188,6.1829809494,0.128763918727,0.0,-1.10460881846,-0.917704709872,3.48457475459,-0.01736967743,0.115573450378,0.0,448.04572407874434,448.91376925370326,447.2389047920329,447.5723560200134
1.680000000000001,-0.631697766427,-0.498860241607,12.286245454,6.18212301329,0.135743515167,0.0,-1.18429623957,-0.978377929711,3.49290183978,-0.00877346726912,0.11779055763,0.0,422.9774609237071,423.1812226292853,422.4499268248766,423.1906460123619
1.740000000000001,-0.705520107607,-0.559587490392,12.4979587299,6.18248252958,0.142482530767,0.0,-1.27710252757,-1.04583689392,3.56380527015,0.0256492692262,0.0981750094758,0.0,444.721182449968,443.1225143029473,442.31644727156475,445.1424353674252
1.8000000000000012,-0.785574538698,-0.624718366602,12.7175608275,6.18388368186,0.148248522377,0.0,-1.39196929109,-1.12495732192,3.75545632324,0.0183108339796,0.0915917211812,0.0,482.4786730742152,481.98842928959175,481.33905635381774,480.7833583496099
1.8600000000000012,-0.872230816833,-0.694284997458,12.9458108956,6.18540428982,0.153445755071,0.0,-1.49707905548,-1.19376362746,3.85238107467,0.0366151611589,0.0741512308144,0.0,454.68129020303485,453.28771353731247,454.4532891021491,455.9183120660989
1.9200000000000013,-0.965169120528,-0.76786467733,13.1790134069,6.18742138784,0.15760475254,0.0,-1.60126216385,-1.25866983779,3.92065525751,0.0268276061126,0.0572817324551,0.0,446.9404902811229,445.56689841262295,447.309813939952,446.51242447705715
1.9800000000000013,-1.06415334388,-0.845131035848,13.4144946966,6.18919157915,0.16139106882,0.0,-1.69854667041,-1.31673252608,3.92856480673,0.0343783763539,0.072752900591,0.0,426.7539980857524,428.07567673696275,427.80824030713103,428.4510486967659
2.0400000000000014,-1.16943598046,-0.926070858324,13.6527793281,6.19163114425,0.165613543237,0.0,-1.8112708441,-1.38101447289,4.01379146077,0.0509344299356,0.0651373081017,0.0,453.27830292029347,452.669490301452,452.5717421460678,453.9032712640047
2.1000000000000014,-1.28129731587,-1.01066954767,13.8945309251,6.19426918063,0.169547172938,0.0,-1.91780360283,-1.43867787961,4.04434480284,0.0239863715416,0.0663933105084,0.0,436.3775005791998,436.4856072185536,437.8748654282583,435.6280988316166
2.1600000000000015,-1.40004417371,-1.09890076908,14.1404902034,6.19576141324,0.1739872013,0.0,-2.04081378926,-1.50218314506,4.15369794347,0.0265825045423,0.0860030387686,0.0,461.7708030783694,463.31919674588994,461.6335672079612,461.8384683028701
2.2200000000000015,-1.52580808847,-1.19068322138,14.3903507469,6.19746881117,0.178810866257,0.0,-2.15177964182,-1.55708554046,4.17471430999,0.0319630575907,0.0657760249901,0.0,436.08629063290704,434.3984398678779,435.29614697526637,435.74646566948246
2.2800000000000016,-1.6592419313,-1.28616347185,14.6465007864,6.19926227605,0.182582308855,0.0,-2.29634953894,-1.62532192118,4.36266513509,0.0253875425512,0.0562699367951,0.0,488.027410213254,487.31974526152106,487.688877982848,487.1976350895765
2.3400000000000016,-1.80038381627,-1.385223207,14.9081997303,6.20056351051,0.185661133399,0.0,-2.40869859792,-1.67656053999,4.3604711463,0.0130109442503,0.0388876392085,0.0,430.8470820011531,429.37647463631157,431.1832831951057,430.1363061417038
2.4000000000000017,-1.94923781478,-1.48773924251,15.1745654484,6.20109521827,0.188029987586,0.0,-2.55327359065,-1.74052412335,4.51753294913,-0.00109484709597,0.0406415020042,0.0,480.78414298806496,480.9176761046051,481.06173813609837,479.9922088386962
2.4600000000000017,-2.10629564761,-1.59385827326,15.4475359296,6.20109713115,0.190199258699,0.0,-2.68220075586,-1.79676919943,4.58101122018,0.00219532624082,0.0251943864902,0.0,454.08397447871704,452.84347672135664,454.0508150796045,454.3147327557785
2.520000000000002,-2.2716015016,-1.7035512777,15.7266764925,6.2012962713,0.191645672528,0.0,-2.82808033784,-1.85960840393,4.72285263917,0.0054767751188,0.0218383173058,0.0,479.0045910640251,478.749298876873,478.650514920525,478.9001449590761
2.580000000000002,-2.44496823143,-1.8167035027,16.0105227561,6.20175914775,0.193901622614,0.0,-2.95101882416,-1.91210685692,4.73843073231,0.0118517159712,0.0581362886951,0.0,440.0374091930479,443.03307492610946,440.69326758620934,441.2198675517336
2.640000000000002,-2.62598070068,-1.93308656191,16.2963348099,6.20247588137,0.19757546032,0.0,-3.08307093456,-1.9672556601,4.78816506222,0.0121325895827,0.0667923257718,0.0,452.57807699266607,453.2769333052511,452.67174343046383,452.6942223515522
2.700000000000002,-2.81409725383,-2.05240672015,16.5806122267,6.20307868922,0.201750114675,0.0,-3.18792199067,-2.01008723794,4.68797782518,0.00550969202848,0.074632991568,0.0,403.8582683037386,404.5691799083488,403.442559870136,402.8439038218146
2.760000000000002,-3.0092172911,-2.17454100138,16.8619332893,6.20333031822,0.206465761717,0.0,-3.31652992689,-2.06104069137,4.68909797637,0.00142271913309,0.085523598735,0.0,437.7711706249959,438.6815740460147,437.45539646586934,437.11480809773764
2.820000000000002,-3.21255164685,-2.29988324383,17.1451677837,6.20366932654,0.211723597523,0.0,-3.46176872227,-2.11699752552,4.75142364887,0.0129902830726,0.0915401854909,0.0,457.9929595789818,458.4774151840051,457.4085861413785,458.32893252209897
2.880000000000002,-3.42457493929,-2.42852463646,17.4314296619,6.2045431152,0.217585421657,0.0,-3.60621204842,-2.17096714482,4.79009959685,0.0175365272015,0.107799456192,0.0,450.2555919464441,451.5772125587892,452.73979072983263,453.10537730422976
2.940000000000002,-3.64596572621,-2.56059217642,17.7225253864,6.20514941811,0.224748870259,0.0,-3.77411181725,-2.23114729975,4.91205713211,-0.0120562338199,0.135951346063,0.0,477.4982838781551,479.6526990454543,480.29137142112904,478.04128614152364
3.000000000000002,-3.87664091096,-2.69593897198,18.0167067355,6.20585162822,0.232685946535,0.0,-3.91579490844,-2.28040431085,4.89360737383,0.0381869272557,0.123711518211,0.0,436.91421482173183,435.90870483340774,435.2580008953508,439.4435792550731
3.0600000000000023,-4.11580753127,-2.83417379073,18.3090580871,6.20871523517,0.240541219198,0.0,-4.05714196268,-2.32724067197,4.85121228367,0.0620543081553,0.142412803943,0.0,429.00859936559425,430.6100094028552,428.5592223941348,430.58492571714015
3.1200000000000023,-4.36421424288,-2.97535595656,18.6012715413,6.21215368423,0.249662598043,0.0,-4.22389543559,-2.37849650963,4.88852768255,0.0455477888502,0.166420359911,0.0,455.0091700879279,456.94812145963766,457.28264763108126,455.96772180373733
3.1800000000000024,-4.62195962408,-3.11932175402,18.8923182825,6.21488030705,0.259295703145,0.0,-4.36849423881,-2.42019272881,4.81286015092,0.0452348124031,0.145015426454,0.0,420.998104838033,419.16733123366333,421.0028230400418,420.9770614965046
3.2400000000000024,-4.88862201647,-3.26577253599,19.1790489266,6.21727309145,0.26749211153,0.0,-4.52104996327,-2.46133575174,4.74462828802,0.0261318125249,0.109016494022,0.0,424.70125901004116,421.6190568429392,424.6136984949122,422.9722129872762
3.3000000000000025,-5.16676174996,-3.41518228738,19.4695210417,6.21848118202,0.274126423566,0.0,-4.75081971248,-2.51876312927,4.93616793327,0.00409500645181,0.113511586885,0.0,504.57794141205306,504.9116013616559,506.9340404206822,505.3477435163472
3.3600000000000025,-5.45666088484,-3.56751339417,19.7636058623,6.218266138,0.280898870673,0.0,-4.91317025086,-2.55895869237,4.8664391492,-0.0270006150242,0.111568917026,0.0,427.4794780347376,427.325746670733,427.8705404004808,425.21438039590316
3.4200000000000026,-5.75714887642,-3.72242789727,20.0559018828,6.21760862335,0.287413201406,0.0,-5.10372446969,-2.60493872734,4.8760452822,0.0098241106473,0.10178699679,0.0,454.5629177815737,453.78825605975493,452.14094454952084,455.09868948936395
3.4800000000000026,-6.06977704267,-3.88023354838,20.3505843754,6.21835778621,0.294466503941,0.0,-5.31781719207,-2.65515822901,4.94562710389,0.0173392231302,0.138087733515,0.0,473.393971038713,476.1903214912498,473.6362543852967,474.21386803596505
3.5400000000000027,-6.39527742565,-4.04100779576,20.6488656178,6.2196536306,0.302883111537,0.0,-5.5329420215,-2.70384943339,4.99599350047,0.0289832106868,0.144325837889,0.0,471.0398679309325,471.5391561011329,469.732208015443,470.63448166239687
3.6000000000000028,-6.73388180881,-4.20468112696,20.9500848322,6.22115723354,0.311135922154,0.0,-5.75462699541,-2.75175370902,5.04352054282,0.0157570246764,0.118412008826,0.0,473.1224425095756,471.13851589593594,472.7027262526917,471.6822418914681
3.660000000000003,-7.08477495485,-4.37097741337,21.2503576319,6.22164765216,0.318330203882,0.0,-5.94256153645,-2.79142207987,4.96523252308,-0.0147488994975,0.122731755009,0.0,433.0594057037363,433.4360471416052,434.97279407280104,432.40981814242895
3.720000000000003,-7.44858822253,-4.53993361171,21.5503542566,6.22030501627,0.325982810567,0.0,-6.18518923548,-2.84050746361,5.03329661549,-0.0455240487261,0.135746355221,0.0,481.1247109914156,482.12263886989024,483.0206151976526,480.6934817644977
3.780000000000003,-7.8268146488,-4.71180628308,21.853337943,6.21734891815,0.333950339433,0.0,-6.42305302017,-2.88879406661,5.06490122908,-0.0580644354412,0.126118173241,0.0,474.2694063969127,473.5441215262225,473.22846163582557,472.2605503237344
3.840000000000003,-8.21866553149,-4.88647382855,22.1557159463,6.21358258439,0.341693803378,0.0,-6.63938370146,-2.93372430419,5.01360038316,-0.0744088439236,0.134364385818,0.0,448.99626395841665,449.6799402893194,449.80577402382784,448.4769219636079
3.900000000000003,-8.62400932383,-5.06396701968,22.4558644937,6.2089024055,0.349540763681,0.0,-6.87279954652,-2.98305280998,4.99030436632,-0.0863808556361,0.122443489443,0.0,460.2234704099311,459.2936967924908,461.1836109493383,460.23209452665014
3.960000000000003,-9.04292098413,-5.24437246257,22.7528205245,6.20335203071,0.357552771509,0.0,-7.09169625088,-3.03083712482,4.90752395572,-0.109015013013,0.149564377848,0.0,442.095049693413,444.3406663487099,443.2963793543803,441.42443975477033
4.020000000000002,-9.47548958634,-5.42780441693,23.0456140189,6.19662153652,0.366983343888,0.0,-7.32807161162,-3.08402473403,4.85119045025,-0.11938445142,0.169177328771,0.0,452.3914129237681,453.9908904855052,454.1502523123612,453.3065678739352
4.080000000000001,-9.92223133971,-5.6144828067,23.3343428286,6.1893533937,0.377626485506,0.0,-7.56421085367,-3.13906867183,4.77203284199,-0.124886927554,0.190125058677,0.0,448.14495619062257,449.8744657323357,447.8980003114598,447.4369759874341
4.14,-10.3833809825,-5.80457447647,23.6182349264,6.18162266462,0.389259163307,0.0,-7.80837968453,-3.19780911862,4.6898240707,-0.138238764994,0.200479114188,0.0,450.5576560992334,451.4301612352584,449.31952711956967,448.22028324576917
4.199999999999998,-10.8586212554,-5.99810438845,23.8951343981,6.17401423264,0.401288790723,0.0,-8.0339758001,-3.25365371072,4.53932231834,-0.110415045895,0.20052307658,0.0,428.5163037896951,428.5610500932851,428.33875933530015,430.6833498805263
4.259999999999997,-11.3482314118,-6.1952342618,24.1642950758,6.16719623097,0.413185273571,0.0,-8.2873316928,-3.31773738234,4.43147460222,-0.120996552648,0.193358188691,0.0,446.45727550967854,445.9103782233912,446.37827029908266,445.50212243579864
4.319999999999996,-11.8525323117,-6.39610412116,24.4251467738,6.15974897425,0.424597961283,0.0,-8.52371123918,-3.37833866708,4.26273258207,-0.131236596813,0.183042205396,0.0,428.205935384839,427.36385197310693,427.4806955344808,426.5921564195396
4.379999999999995,-12.3724750393,-6.60103940446,24.678440001,6.15229475521,0.435646057174,0.0,-8.80857567099,-3.45327483298,4.17879334736,-0.113016570108,0.186232288398,0.0,458.83678118617195,459.1217092004209,458.921596859667,460.35229947932226
4.439999999999993,-12.9092727421,-6.81043661153,24.9255009935,6.14583185883,0.446824563772,0.0,-9.08560438105,-3.52698130868,4.05519747542,-0.0988033924832,0.186460082758,0.0,449.7260466187678,449.77774190487287,448.3122798489325,449.4558466261725
4.499999999999992,-13.4635781341,-7.02452241979,25.1663019875,6.13977142009,0.457966423629,0.0,-9.3920866764,-3.6094981167,3.96971917088,-0.105821876759,0.184130007085,0.0,465.94329220394576,465.7927535841962,465.85184336389835,465.2941998524642
4.559999999999991,-14.034223837,-7.24297261575,25.3971788162,6.13334866512,0.469143478744,0.0,-9.63055771967,-3.67250150402,3.72554019493,-0.109611482502,0.190271941663,0.0,412.2570689608086,412.8361761477765,412.92044116218284,412.5748352609006
4.6199999999999894,-14.6199216252,-7.46542040774,25.6142698486,6.12777271136,0.480591198095,0.0,-9.89377382743,-3.7427069702,3.5098292615,-0.0716213910451,0.19182043828,0.0,425.1208722990726,425.2908207684358,423.7651785309933,427.01093142681924
4.679999999999988,-15.2216741242,-7.69214223455,25.8182936756,6.12322455492,0.491645384838,0.0,-10.165736197,-3.8148829656,3.28991836304,-0.0858454834642,0.16137527502,0.0,427.10720661119893,424.53539822956697,427.373084091262,426.15363982023877
4.739999999999987,-15.8418969478,-7.92381346904,26.0124611754,6.11806867726,0.50089513999,0.0,-10.5091363886,-3.90766782927,3.18037583631,-0.0861033556276,0.133097160507,0.0,469.38908572454596,467.2092692400759,469.3462715976512,469.32059948441383
4.799999999999986,-16.4846936115,-8.16163366751,26.2029233467,6.11297296015,0.509614061165,0.0,-10.9178695407,-4.01977943081,3.16557217034,-0.08267839322,0.162516344171,0.0,503.9310615310262,506.0701853521499,504.7116971507956,504.953927473696
4.859999999999984,-17.1484741069,-8.40509438279,26.3855351974,6.10768316463,0.519683398131,0.0,-11.2092588122,-4.0957846767,2.92034386219,-0.102347802528,0.176735913996,0.0,430.7626165756377,431.99153315627007,431.10360565448127,429.4307560651617
4.919999999999983,-17.8333226834,-8.65418592347,26.5589443462,6.10101847386,0.530211329816,0.0,-11.6195724435,-4.20738056942,2.85698182171,-0.140902068138,0.172799467127,0.0,498.9290656889373,498.6674478400455,499.70175953042354,496.8719847377246
4.979999999999982,-18.538865656,-8.90875479065,26.7212105324,6.09265624221,0.540260894567,0.0,-11.8997398662,-4.27856583473,2.55085273566,-0.136474234324,0.15392959234,0.0,418.3502419342194,416.73177099809135,417.41946614104336,417.78645338729996
5.0399999999999805,-19.2626531899,-9.16803423479,26.8668321916,6.08449151784,0.549492538844,0.0,-12.2275402343,-4.36435616301,2.30157754304,-0.135300115425,0.153722849523,0.0,441.9277970970592,441.933243030369,443.09608083467606,443.17546366076857
